[LEFT_CAM_2K]
fx = 1398.38
fy = 1398.38
cx = 1129.62
cy = 654.358
k1 = -0.175805
k2 = 0.028154


[RIGHT_CAM_2K]
fx = 1401.59
fy = 1401.59
cx = 1103.49
cy = 579.44
k1 = -0.175265
k2 = 0.0271194


[LEFT_CAM_FHD]
fx = 1398.38
fy = 1398.38
cx = 985.619
cy = 573.358
k1 = -0.175805
k2 = 0.028154


[RIGHT_CAM_FHD]
fx = 1401.59
fy = 1401.59
cx = 959.489
cy = 498.44
k1 = -0.175265
k2 = 0.0271194


[LEFT_CAM_HD]
fx = 968.950077
fy = 922.524534
cx = 688.332437
cy = 384.374729
k1 = 0.096917
k2 = -0.312480


[RIGHT_CAM_HD]
fx = 1006.481495
fy = 957.000717
cx = 605.258279
cy = 354.626613
k1 = 0.066665
k2 = -0.069488


[LEFT_CAM_VGA]
fx = 349.596
fy = 349.596
cx = 341.155
cy = 195.089
k1 = -0.175805
k2 = 0.028154


[RIGHT_CAM_VGA]
fx = 350.397
fy = 350.397
cx = 334.622
cy = 176.36
k1 = -0.175265
k2 = 0.0271194


[STEREO]
Baseline = 63
CV_2K = 0.00113032
CV_FHD = 0.00113032
CV_HD = 0.00113032
CV_VGA = 0.00113032
RX_2K = -0.00172768
RX_FHD = -0.00172768
RX_HD = -0.00172768
RX_VGA = -0.00172768
RZ_2K = 0.00025014
RZ_FHD = 0.00025014
RZ_HD = 0.00025014
RZ_VGA = 0.00025014
